A = [

28 19 20 36 30 60 62 12 85 98 32 12 94 74 9 33 4 71 18 82 7 28 93 7 95 29 55 0 69 54 ;85 28 19 20 36 30 60 62 12 85 98 32 12 94 74 9 33 4 71 18 82 7 28 93 7 95 29 55 0 69 ;7 85 28 19 20 36 30 60 62 12 85 98 32 12 94 74 9 33 4 71 18 82 7 28 93 7 95 29 55 0 ;90 7 85 28 19 20 36 30 60 62 12 85 98 32 12 94 74 9 33 4 71 18 82 7 28 93 7 95 29 55 ;44 90 7 85 28 19 20 36 30 60 62 12 85 98 32 12 94 74 9 33 4 71 18 82 7 28 93 7 95 29 ;87 44 90 7 85 28 19 20 36 30 60 62 12 85 98 32 12 94 74 9 33 4 71 18 82 7 28 93 7 95 ;49 87 44 90 7 85 28 19 20 36 30 60 62 12 85 98 32 12 94 74 9 33 4 71 18 82 7 28 93 7 ;97 49 87 44 90 7 85 28 19 20 36 30 60 62 12 85 98 32 12 94 74 9 33 4 71 18 82 7 28 93 ;92 97 49 87 44 90 7 85 28 19 20 36 30 60 62 12 85 98 32 12 94 74 9 33 4 71 18 82 7 28 ;74 92 97 49 87 44 90 7 85 28 19 20 36 30 60 62 12 85 98 32 12 94 74 9 33 4 71 18 82 7 ;23 74 92 97 49 87 44 90 7 85 28 19 20 36 30 60 62 12 85 98 32 12 94 74 9 33 4 71 18 82 ;28 23 74 92 97 49 87 44 90 7 85 28 19 20 36 30 60 62 12 85 98 32 12 94 74 9 33 4 71 18 ;91 28 23 74 92 97 49 87 44 90 7 85 28 19 20 36 30 60 62 12 85 98 32 12 94 74 9 33 4 71 ;3 91 28 23 74 92 97 49 87 44 90 7 85 28 19 20 36 30 60 62 12 85 98 32 12 94 74 9 33 4 ;75 3 91 28 23 74 92 97 49 87 44 90 7 85 28 19 20 36 30 60 62 12 85 98 32 12 94 74 9 33 ;17 75 3 91 28 23 74 92 97 49 87 44 90 7 85 28 19 20 36 30 60 62 12 85 98 32 12 94 74 9 ;42 17 75 3 91 28 23 74 92 97 49 87 44 90 7 85 28 19 20 36 30 60 62 12 85 98 32 12 94 74 ;15 42 17 75 3 91 28 23 74 92 97 49 87 44 90 7 85 28 19 20 36 30 60 62 12 85 98 32 12 94 ;62 15 42 17 75 3 91 28 23 74 92 97 49 87 44 90 7 85 28 19 20 36 30 60 62 12 85 98 32 12 ;46 62 15 42 17 75 3 91 28 23 74 92 97 49 87 44 90 7 85 28 19 20 36 30 60 62 12 85 98 32 ;62 46 62 15 42 17 75 3 91 28 23 74 92 97 49 87 44 90 7 85 28 19 20 36 30 60 62 12 85 98 ;23 62 46 62 15 42 17 75 3 91 28 23 74 92 97 49 87 44 90 7 85 28 19 20 36 30 60 62 12 85 ;83 23 62 46 62 15 42 17 75 3 91 28 23 74 92 97 49 87 44 90 7 85 28 19 20 36 30 60 62 12 ;33 83 23 62 46 62 15 42 17 75 3 91 28 23 74 92 97 49 87 44 90 7 85 28 19 20 36 30 60 62 ;86 33 83 23 62 46 62 15 42 17 75 3 91 28 23 74 92 97 49 87 44 90 7 85 28 19 20 36 30 60 ;58 86 33 83 23 62 46 62 15 42 17 75 3 91 28 23 74 92 97 49 87 44 90 7 85 28 19 20 36 30 ;80 58 86 33 83 23 62 46 62 15 42 17 75 3 91 28 23 74 92 97 49 87 44 90 7 85 28 19 20 36 ;71 80 58 86 33 83 23 62 46 62 15 42 17 75 3 91 28 23 74 92 97 49 87 44 90 7 85 28 19 20 ;51 71 80 58 86 33 83 23 62 46 62 15 42 17 75 3 91 28 23 74 92 97 49 87 44 90 7 85 28 19 ;87 51 71 80 58 86 33 83 23 62 46 62 15 42 17 75 3 91 28 23 74 92 97 49 87 44 90 7 85 28 ;
]
B = [

11 5 25 8 40 34 68 6 12 36 60 80 27 14 23 95 64 10 99 92 50 80 42 24 46 90 98 55 60 39 ;43 11 5 25 8 40 34 68 6 12 36 60 80 27 14 23 95 64 10 99 92 50 80 42 24 46 90 98 55 60 ;25 43 11 5 25 8 40 34 68 6 12 36 60 80 27 14 23 95 64 10 99 92 50 80 42 24 46 90 98 55 ;95 25 43 11 5 25 8 40 34 68 6 12 36 60 80 27 14 23 95 64 10 99 92 50 80 42 24 46 90 98 ;58 95 25 43 11 5 25 8 40 34 68 6 12 36 60 80 27 14 23 95 64 10 99 92 50 80 42 24 46 90 ;31 58 95 25 43 11 5 25 8 40 34 68 6 12 36 60 80 27 14 23 95 64 10 99 92 50 80 42 24 46 ;6 31 58 95 25 43 11 5 25 8 40 34 68 6 12 36 60 80 27 14 23 95 64 10 99 92 50 80 42 24 ;44 6 31 58 95 25 43 11 5 25 8 40 34 68 6 12 36 60 80 27 14 23 95 64 10 99 92 50 80 42 ;55 44 6 31 58 95 25 43 11 5 25 8 40 34 68 6 12 36 60 80 27 14 23 95 64 10 99 92 50 80 ;73 55 44 6 31 58 95 25 43 11 5 25 8 40 34 68 6 12 36 60 80 27 14 23 95 64 10 99 92 50 ;30 73 55 44 6 31 58 95 25 43 11 5 25 8 40 34 68 6 12 36 60 80 27 14 23 95 64 10 99 92 ;35 30 73 55 44 6 31 58 95 25 43 11 5 25 8 40 34 68 6 12 36 60 80 27 14 23 95 64 10 99 ;18 35 30 73 55 44 6 31 58 95 25 43 11 5 25 8 40 34 68 6 12 36 60 80 27 14 23 95 64 10 ;32 18 35 30 73 55 44 6 31 58 95 25 43 11 5 25 8 40 34 68 6 12 36 60 80 27 14 23 95 64 ;17 32 18 35 30 73 55 44 6 31 58 95 25 43 11 5 25 8 40 34 68 6 12 36 60 80 27 14 23 95 ;43 17 32 18 35 30 73 55 44 6 31 58 95 25 43 11 5 25 8 40 34 68 6 12 36 60 80 27 14 23 ;66 43 17 32 18 35 30 73 55 44 6 31 58 95 25 43 11 5 25 8 40 34 68 6 12 36 60 80 27 14 ;62 66 43 17 32 18 35 30 73 55 44 6 31 58 95 25 43 11 5 25 8 40 34 68 6 12 36 60 80 27 ;74 62 66 43 17 32 18 35 30 73 55 44 6 31 58 95 25 43 11 5 25 8 40 34 68 6 12 36 60 80 ;79 74 62 66 43 17 32 18 35 30 73 55 44 6 31 58 95 25 43 11 5 25 8 40 34 68 6 12 36 60 ;90 79 74 62 66 43 17 32 18 35 30 73 55 44 6 31 58 95 25 43 11 5 25 8 40 34 68 6 12 36 ;52 90 79 74 62 66 43 17 32 18 35 30 73 55 44 6 31 58 95 25 43 11 5 25 8 40 34 68 6 12 ;78 52 90 79 74 62 66 43 17 32 18 35 30 73 55 44 6 31 58 95 25 43 11 5 25 8 40 34 68 6 ;69 78 52 90 79 74 62 66 43 17 32 18 35 30 73 55 44 6 31 58 95 25 43 11 5 25 8 40 34 68 ;78 69 78 52 90 79 74 62 66 43 17 32 18 35 30 73 55 44 6 31 58 95 25 43 11 5 25 8 40 34 ;6 78 69 78 52 90 79 74 62 66 43 17 32 18 35 30 73 55 44 6 31 58 95 25 43 11 5 25 8 40 ;74 6 78 69 78 52 90 79 74 62 66 43 17 32 18 35 30 73 55 44 6 31 58 95 25 43 11 5 25 8 ;68 74 6 78 69 78 52 90 79 74 62 66 43 17 32 18 35 30 73 55 44 6 31 58 95 25 43 11 5 25 ;8 68 74 6 78 69 78 52 90 79 74 62 66 43 17 32 18 35 30 73 55 44 6 31 58 95 25 43 11 5 ;48 8 68 74 6 78 69 78 52 90 79 74 62 66 43 17 32 18 35 30 73 55 44 6 31 58 95 25 43 11 ;
]
C = [

89 7 27 90 47 30 20 13 34 72 39 8 29 78 62 54 44 99 8 63 49 3 66 97 71 68 35 49 33 56 ;52 89 7 27 90 47 30 20 13 34 72 39 8 29 78 62 54 44 99 8 63 49 3 66 97 71 68 35 49 33 ;64 52 89 7 27 90 47 30 20 13 34 72 39 8 29 78 62 54 44 99 8 63 49 3 66 97 71 68 35 49 ;46 64 52 89 7 27 90 47 30 20 13 34 72 39 8 29 78 62 54 44 99 8 63 49 3 66 97 71 68 35 ;59 46 64 52 89 7 27 90 47 30 20 13 34 72 39 8 29 78 62 54 44 99 8 63 49 3 66 97 71 68 ;81 59 46 64 52 89 7 27 90 47 30 20 13 34 72 39 8 29 78 62 54 44 99 8 63 49 3 66 97 71 ;99 81 59 46 64 52 89 7 27 90 47 30 20 13 34 72 39 8 29 78 62 54 44 99 8 63 49 3 66 97 ;10 99 81 59 46 64 52 89 7 27 90 47 30 20 13 34 72 39 8 29 78 62 54 44 99 8 63 49 3 66 ;14 10 99 81 59 46 64 52 89 7 27 90 47 30 20 13 34 72 39 8 29 78 62 54 44 99 8 63 49 3 ;98 14 10 99 81 59 46 64 52 89 7 27 90 47 30 20 13 34 72 39 8 29 78 62 54 44 99 8 63 49 ;16 98 14 10 99 81 59 46 64 52 89 7 27 90 47 30 20 13 34 72 39 8 29 78 62 54 44 99 8 63 ;53 16 98 14 10 99 81 59 46 64 52 89 7 27 90 47 30 20 13 34 72 39 8 29 78 62 54 44 99 8 ;40 53 16 98 14 10 99 81 59 46 64 52 89 7 27 90 47 30 20 13 34 72 39 8 29 78 62 54 44 99 ;60 40 53 16 98 14 10 99 81 59 46 64 52 89 7 27 90 47 30 20 13 34 72 39 8 29 78 62 54 44 ;16 60 40 53 16 98 14 10 99 81 59 46 64 52 89 7 27 90 47 30 20 13 34 72 39 8 29 78 62 54 ;16 16 60 40 53 16 98 14 10 99 81 59 46 64 52 89 7 27 90 47 30 20 13 34 72 39 8 29 78 62 ;61 16 16 60 40 53 16 98 14 10 99 81 59 46 64 52 89 7 27 90 47 30 20 13 34 72 39 8 29 78 ;31 61 16 16 60 40 53 16 98 14 10 9 81 59 46 64 52 89 7 27 90 47 30 20 13 34 72 39 8 29 ;33 31 61 16 16 60 40 53 16 98 14 10 99 81 59 46 64 52 89 7 27 90 47 30 20 13 34 72 39 8 ;75 33 31 61 16 16 60 40 53 16 98 14 10 99 81 59 46 64 52 89 7 27 90 47 30 20 13 34 72 39 ;90 75 33 31 61 16 16 60 40 53 16 98 14 10 99 81 59 46 64 52 89 7 27 90 47 30 20 13 34 72 ;98 90 75 33 31 61 16 16 60 40 53 16 98 14 10 99 81 59 46 64 52 89 7 27 90 47 30 20 13 34 ;46 98 90 75 33 31 61 16 16 60 40 53 16 98 14 10 99 81 59 46 64 52 89 7 27 90 47 30 20 13 ;63 46 98 90 75 33 31 61 16 16 60 40 53 16 98 14 10 99 81 59 46 64 52 89 7 27 90 47 30 20 ;2 63 46 98 90 75 33 31 61 16 16 60 40 53 16 98 14 10 99 81 59 46 64 52 89 7 27 90 47 30 ;16 2 63 46 98 90 75 33 31 61 16 16 60 40 53 16 98 14 10 99 81 59 46 64 52 89 7 27 90 47 ;15 16 2 63 46 98 90 75 33 31 61 16 16 60 40 53 16 98 14 10 99 81 59 46 64 52 89 7 27 90 ;0 15 16 2 63 46 98 90 75 33 31 61 16 16 60 40 53 16 98 14 10 99 81 59 46 64 52 89 7 27 ;92 0 15 16 2 63 46 98 90 75 33 31 61 16 16 60 40 53 16 98 14 10 99 81 59 46 64 52 89 7 ;98 92 0 15 16 2 63 46 98 90 75 33 31 61 16 16 60 40 53 16 98 14 10 99 81 59 46 64 52 89 ;
]
