A = [

72 14 17 98 69 35 63 94 31 61 43 32 26 14 71 15 23 95 97 7 39 57 86 78 21 63 38 4 24 52 ;14 72 14 17 98 69 35 63 94 31 61 43 32 26 14 71 15 23 95 97 7 39 57 86 78 21 63 38 4 24 ;36 14 72 14 17 98 69 35 63 94 31 61 43 32 26 14 71 15 23 95 97 7 39 57 86 78 21 63 38 4 ;87 36 14 72 14 17 98 69 35 63 94 31 61 43 32 26 14 71 15 23 95 97 7 39 57 86 78 21 63 38 ;35 87 36 14 72 14 17 98 69 35 63 94 31 61 43 32 26 14 71 15 23 95 97 7 39 57 86 78 21 63 ;62 35 87 36 14 72 14 17 98 69 35 63 94 31 61 43 32 26 14 71 15 23 95 97 7 39 57 86 78 21 ;82 62 35 87 36 14 72 14 17 98 69 35 63 94 31 61 43 32 26 14 71 15 23 95 97 7 39 57 86 78 ;22 82 62 35 87 36 14 72 14 17 98 69 35 63 94 31 61 43 32 26 14 71 15 23 95 97 7 39 57 86 ;40 22 82 62 35 87 36 14 72 14 17 98 69 35 63 94 31 61 43 32 26 14 71 15 23 95 97 7 39 57 ;64 40 22 82 62 35 87 36 14 72 14 17 98 69 35 63 94 31 61 43 32 26 14 71 15 23 95 97 7 39 ;40 64 40 22 82 62 35 87 36 14 72 14 17 98 69 35 63 94 31 61 43 32 26 14 71 15 23 95 97 7 ;11 40 64 40 22 82 62 35 87 36 14 72 14 17 98 69 35 63 94 31 61 43 32 26 14 71 15 23 95 97 ;0 11 40 64 40 22 82 62 35 87 36 14 72 14 17 98 69 35 63 94 31 61 43 32 26 14 71 15 23 95 ;8 0 11 40 64 40 22 82 62 35 87 36 14 72 14 17 98 69 35 63 94 31 61 43 32 26 14 71 15 23 ;68 8 0 11 40 64 40 22 82 62 35 87 36 14 72 14 17 98 69 35 63 94 31 61 43 32 26 14 71 15 ;9 68 8 0 11 40 64 40 22 82 62 35 87 36 14 72 14 17 98 69 35 63 94 31 61 43 32 26 14 71 ;50 9 68 8 0 11 40 64 40 22 82 62 35 87 36 14 72 14 17 98 69 35 63 94 31 61 43 32 26 14 ;1 50 9 68 8 0 11 40 64 40 22 82 62 35 87 36 14 72 14 17 98 69 35 63 94 31 61 43 32 26 ;89 16 50 9 68 8 0 11 40 64 40 22 82 62 35 87 36 14 72 14 17 98 69 35 63 94 31 61 43 32 ;69 89 16 50 9 68 8 0 11 40 64 40 22 82 62 35 87 36 14 72 14 17 98 69 35 63 94 31 61 43 ;97 69 89 16 50 9 68 8 0 11 40 64 40 22 82 62 35 87 36 14 72 14 17 98 69 35 63 94 31 61 ;59 97 69 89 16 50 9 68 8 0 11 40 64 40 22 82 62 35 87 36 14 72 14 17 98 69 35 63 94 31 ;46 59 97 69 89 16 50 9 68 8 0 11 40 64 40 22 82 62 35 87 36 14 72 14 17 98 69 35 63 94 ;26 46 59 97 69 89 16 50 9 68 8 0 11 40 64 40 22 82 62 35 87 36 14 72 14 17 98 69 35 63 ;74 26 46 59 97 69 89 16 50 9 68 8 0 11 40 64 40 22 82 62 35 87 36 14 72 14 17 98 69 35 ;84 74 26 46 59 97 69 89 16 50 9 68 8 0 11 40 64 40 22 82 62 35 87 36 14 72 14 17 98 69 ;42 84 74 26 46 59 97 69 89 16 50 9 68 8 0 11 40 64 40 22 82 62 35 87 36 14 72 14 17 98 ;40 42 84 74 26 46 59 97 69 89 16 50 9 68 8 0 11 40 64 40 22 82 62 35 87 36 14 72 14 17 ;16 40 42 84 74 26 46 59 97 69 89 16 50 9 68 8 0 11 40 64 40 22 82 62 35 87 36 14 72 14 ;97 16 40 42 84 74 26 46 59 97 69 89 16 50 9 68 8 0 11 40 64 40 22 82 62 35 87 36 14 72 ;
]
B = [

74 64 79 26 15 48 71 3 58 54 44 55 69 76 64 0 89 30 10 77 56 25 61 41 29 12 73 78 59 40 ;84 74 64 79 26 15 48 71 3 58 54 44 55 69 76 64 0 89 30 10 77 56 25 61 41 29 12 73 78 59 ;45 84 74 64 79 26 15 48 71 3 58 54 44 55 69 76 64 0 89 30 10 77 56 25 61 41 29 12 73 78 ;61 45 84 74 64 79 26 15 48 71 3 58 54 44 55 69 76 64 0 89 30 10 77 56 25 61 41 29 12 73 ;68 61 45 84 74 64 79 26 15 48 71 3 58 54 44 55 69 76 64 0 89 30 10 77 56 25 61 41 29 12 ;20 68 61 45 84 74 64 79 26 15 48 71 3 58 54 44 55 69 76 64 0 89 30 10 77 56 25 61 41 29 ;84 20 68 61 45 84 74 64 79 26 15 48 71 3 58 54 44 55 69 76 64 0 89 30 10 77 56 25 61 41 ;73 84 20 68 61 45 84 74 64 79 26 15 48 71 3 58 54 44 55 69 76 64 0 89 30 10 77 56 25 61 ;13 73 84 20 68 61 45 84 74 64 79 26 15 48 71 3 58 54 44 55 69 76 64 0 89 30 10 77 56 25 ;38 13 73 84 20 68 61 45 84 74 64 79 26 15 48 71 3 58 54 44 55 69 76 64 0 89 30 10 77 56 ;79 38 13 73 84 20 68 61 45 84 74 64 79 26 15 48 71 3 58 54 44 55 69 76 64 0 89 30 10 77 ;54 79 38 13 73 84 20 68 61 45 84 74 64 79 26 15 48 71 3 58 54 44 55 69 76 64 0 89 30 10 ;5 54 79 38 13 73 84 20 68 61 45 84 74 64 79 26 15 48 71 3 58 54 44 55 69 76 64 0 89 30 ;18 5 54 79 38 13 73 84 20 68 61 45 84 74 64 79 26 15 48 71 3 58 54 44 55 69 76 64 0 89 ;52 18 5 54 79 38 13 73 84 20 68 61 45 84 74 64 79 26 15 48 71 3 58 54 44 55 69 76 64 0 ;85 52 18 5 54 79 38 13 73 84 20 68 61 45 84 74 64 79 26 15 48 71 3 58 54 44 55 69 76 64 ;91 85 52 18 5 54 79 38 13 73 84 20 68 61 45 84 74 64 79 26 15 48 71 3 58 54 44 55 69 76 ;36 91 85 52 18 5 54 79 38 13 73 84 20 68 61 45 84 74 64 79 26 15 48 71 3 58 54 44 55 69 ;85 36 91 85 52 18 5 54 79 38 13 73 84 20 68 61 45 84 74 64 79 26 15 48 71 3 58 54 44 55 ;77 85 36 91 85 52 18 5 54 79 38 13 73 84 20 68 61 45 84 74 64 79 26 15 48 71 3 58 54 44 ;7 77 85 36 91 85 52 18 5 54 79 38 13 73 84 20 68 61 45 84 74 64 79 26 15 48 71 3 58 54 ;91 7 77 85 36 91 85 52 18 5 54 79 38 13 73 84 20 68 61 45 84 74 64 79 26 15 48 71 3 58 ;68 91 7 77 85 36 91 85 52 18 5 54 79 38 13 73 84 20 68 61 45 84 74 64 79 26 15 48 71 3 ;37 68 91 7 77 85 36 91 85 52 18 5 54 79 38 13 73 84 20 68 61 45 84 74 64 79 26 15 48 71 ;21 37 68 91 7 77 85 36 91 85 52 18 5 54 79 38 13 73 84 20 68 61 45 84 74 64 79 26 15 48 ;78 21 37 68 91 7 77 85 36 91 85 52 18 5 54 79 38 13 73 84 20 68 61 45 84 74 64 79 26 15 ;0 78 21 37 68 91 7 77 85 36 91 85 52 18 5 54 79 38 13 73 84 20 68 61 45 84 74 64 79 26 ;38 0 78 21 37 68 91 7 77 85 36 91 85 52 18 5 54 79 38 13 73 84 20 68 61 45 84 74 64 79 ;51 38 0 78 21 37 68 91 7 77 85 36 91 85 52 18 5 54 79 38 13 73 84 20 68 61 45 84 74 64 ;92 51 38 0 78 21 37 68 91 7 77 85 36 91 85 52 18 5 54 79 38 13 73 84 20 68 61 45 84 74 ;
]
