M = [

3 80 74 85 59 50 26 14 58 66 57 9 62 68 49 53 65 59 23 1 44 84 4 84 10 71 34 96 53 20 ;65 3 80 74 85 59 50 26 14 58 66 57 9 62 68 49 53 65 59 23 1 44 84 4 84 10 71 34 96 53 ;50 65 3 80 74 85 59 50 26 14 58 66 57 9 62 68 49 53 65 59 23 1 44 84 4 84 10 71 34 96 ;22 50 65 3 80 74 85 59 50 26 14 58 66 57 9 62 68 49 53 65 59 23 1 44 84 4 84 10 71 34 ;41 22 50 65 3 80 74 85 59 50 26 14 58 66 57 9 62 68 49 53 65 59 23 1 44 84 4 84 10 71 ;30 41 22 50 65 3 80 74 85 59 50 26 14 58 66 57 9 62 68 49 53 65 59 23 1 44 84 4 84 10 ;80 30 41 22 50 65 3 80 74 85 59 50 26 14 58 66 57 9 62 68 49 53 65 59 23 1 44 84 4 84 ;60 80 30 41 22 50 65 3 80 74 85 59 50 26 14 58 66 57 9 62 68 49 53 65 59 23 1 44 84 4 ;59 60 80 30 41 22 50 65 3 80 74 85 59 50 26 14 58 66 57 9 62 68 49 53 65 59 23 1 44 84 ;53 59 60 80 30 41 22 50 65 3 80 74 85 59 50 26 14 58 66 57 9 62 68 49 53 65 59 23 1 44 ;37 53 59 60 80 30 41 22 50 65 3 80 74 85 59 50 26 14 58 66 57 9 62 68 49 53 65 59 23 1 ;40 37 53 59 60 80 30 41 22 50 65 3 80 74 85 59 50 26 14 58 66 57 9 62 68 49 53 65 59 23 ;67 40 37 53 59 60 80 30 41 22 50 65 3 80 74 85 59 50 26 14 58 66 57 9 62 68 49 53 65 59 ;99 67 40 37 53 59 60 80 30 41 22 50 65 3 80 74 85 59 50 26 14 58 66 57 9 62 68 49 53 65 ;31 99 67 40 37 53 59 60 80 30 41 22 50 65 3 80 74 85 59 50 26 14 58 66 57 9 62 68 49 53 ;18 31 99 67 40 37 53 59 60 80 30 41 22 50 65 3 80 74 85 59 50 26 14 58 66 57 9 62 68 49 ;68 18 31 99 67 40 37 53 59 60 80 30 41 22 50 65 3 80 74 85 59 50 26 14 58 66 57 9 62 68 ;65 68 18 31 99 67 40 37 53 59 60 80 30 41 22 50 65 3 80 74 85 59 50 26 14 58 66 57 9 62 ;50 65 68 18 31 99 67 40 37 53 59 60 80 30 41 22 50 65 3 80 74 85 59 50 26 14 58 66 57 9 ;53 50 65 68 18 31 99 67 40 37 53 59 60 80 30 41 22 50 65 3 80 74 85 59 50 26 14 58 66 57 ;61 53 50 65 68 18 31 99 67 40 37 53 59 60 80 30 41 22 50 65 3 80 74 85 59 50 26 14 58 66 ;91 61 53 50 65 68 18 31 99 67 40 37 53 59 60 80 30 41 22 50 65 3 80 74 85 59 50 26 14 58 ;59 91 61 53 50 65 68 18 31 99 67 40 37 53 59 60 80 30 41 22 50 65 3 80 74 85 59 50 26 14 ;63 59 91 61 53 50 65 68 18 31 99 67 40 37 53 59 60 80 30 41 22 50 65 3 80 74 85 59 50 26 ;38 63 59 91 61 53 50 65 68 18 31 99 67 40 37 53 59 60 80 30 41 22 50 65 3 80 74 85 59 50 ;25 38 63 59 91 61 53 50 65 68 18 31 99 67 40 37 53 59 60 80 30 41 22 50 65 3 80 74 85 59 ;33 25 38 63 59 91 61 53 50 65 68 18 31 99 67 40 37 53 59 60 80 30 41 22 50 65 3 80 74 85 ;7 33 25 38 63 59 91 61 53 50 65 68 18 31 99 67 40 37 53 59 60 80 30 41 22 50 65 3 80 74 ;79 7 33 25 38 63 59 91 61 53 50 65 68 18 31 99 67 40 37 53 59 60 80 30 41 22 50 65 3 80 ;53 79 7 33 25 38 63 59 91 61 53 50 65 68 18 31 99 67 40 37 53 59 60 80 30 41 22 50 65 3 ;
]
