M1 = [

19 12 54 50 71 26 36 7 73 90 70 29 59 78 0 43 2 54 43 0 51 37 74 35 56 66 82 29 45 78 29 19 12 54 50 71 26 36 7 73 90 70 29 59 78 0 43 2 54 43 0 51 37 74 35 56 66 82 29 45 30 29 19 12 54 50 71 26 36 7 73 90 70 29 59 78 0 43 2 54 43 0 51 37 74 35 56 66 82 29 96 30 29 19 12 54 50 71 26 36 7 73 90 70 29 59 78 0 43 2 54 43 0 51 37 74 35 56 66 82 91 96 30 29 19 12 54 50 71 26 36 7 73 90 70 29 59 78 0 43 2 54 43 0 51 37 74 35 56 66 58 91 96 30 29 19 12 54 50 71 26 36 7 73 90 70 29 59 78 0 43 2 54 43 0 51 37 74 35 56 28 58 91 96 30 29 19 12 54 50 71 26 36 7 73 90 70 29 59 78 0 43 2 54 43 0 51 37 74 35 98 28 58 91 96 30 29 19 12 54 50 71 26 36 7 73 90 70 29 59 78 0 43 2 54 43 0 51 37 74 51 98 28 58 91 96 30 29 19 12 54 50 71 26 36 7 73 90 70 29 59 78 0 43 2 54 43 0 51 37 7 51 98 28 58 91 96 30 29 19 12 54 50 71 26 36 7 73 90 70 29 59 78 0 43 2 54 43 0 51 74 7 51 98 28 58 91 96 30 29 19 12 54 50 71 26 36 7 73 90 70 29 59 78 0 43 2 54 43 0 66 74 7 51 98 28 58 91 96 30 29 19 12 54 50 71 26 36 7 73 90 70 29 59 78 0 43 2 54 43 94 66 74 7 51 98 28 58 91 96 30 29 19 12 54 50 71 26 36 7 73 90 70 29 59 78 0 43 2 54 94 94 66 74 7 51 98 28 58 91 96 30 29 19 12 54 50 71 26 36 7 73 90 70 29 59 78 0 43 2 47 94 94 66 74 7 51 98 28 58 91 96 30 29 19 12 54 50 71 26 36 7 73 90 70 29 59 78 0 43 95 47 94 94 66 74 7 51 98 28 58 91 96 30 29 19 12 54 50 71 26 36 7 73 90 70 29 59 78 0 72 95 47 94 94 66 74 7 51 98 28 58 91 96 30 29 19 12 54 50 71 26 36 7 73 90 70 29 59 78 45 72 95 47 94 94 66 74 7 51 98 28 58 91 96 30 29 19 12 54 50 71 26 36 7 73 90 70 29 59 36 45 72 95 47 94 94 66 74 7 51 98 28 58 91 96 30 29 19 12 54 50 71 26 36 7 73 90 70 29 52 36 45 72 95 47 94 94 66 74 7 51 98 28 58 91 96 30 29 19 12 54 50 71 26 36 7 73 90 70 69 52 36 45 72 95 47 94 94 66 74 7 51 98 28 58 91 96 30 29 19 12 54 50 71 26 36 7 73 90 50 69 52 36 45 72 95 47 94 94 66 74 7 51 98 28 58 91 96 30 29 19 12 54 50 71 26 36 7 73 8 50 69 52 36 45 72 95 47 94 94 66 74 7 51 98 28 58 91 96 30 29 19 12 54 50 71 26 36 7 74 8 50 69 52 36 45 72 95 47 94 94 66 74 7 51 98 28 58 91 96 30 29 19 12 54 50 71 26 36 67 74 8 50 69 52 36 45 72 95 47 94 94 66 74 7 51 98 28 58 91 96 30 29 19 12 54 50 71 26 20 67 74 8 50 69 52 36 45 72 95 47 94 94 66 74 7 51 98 28 58 91 96 30 29 19 12 54 50 71 67 20 67 74 8 50 69 52 36 45 72 95 47 94 94 66 74 7 51 98 28 58 91 96 30 29 19 12 54 50 89 67 20 67 74 8 50 69 52 36 45 72 95 47 94 94 66 74 7 51 98 28 58 91 96 30 29 19 12 54 39 89 67 20 67 74 8 50 69 52 36 45 72 95 47 94 94 66 74 7 51 98 28 58 91 96 30 29 19 12 34 39 89 67 20 67 74 8 50 69 52 36 45 72 95 47 94 94 66 74 7 51 98 28 58 91 96 30 29 19 ;
]

M2 = [

67 40 10 78 8 5 92 79 79 18 30 70 70 60 90 6 53 63 53 74 2 78 72 70 63 93 78 26 18 26 75 67 40 10 78 8 5 92 79 79 18 30 70 70 60 90 6 53 63 53 74 2 78 72 70 63 93 78 26 18 37 75 67 40 10 78 8 5 92 79 79 18 30 70 70 60 90 6 53 63 53 74 2 78 72 70 63 93 78 26 92 37 75 67 40 10 78 8 5 92 79 79 18 30 70 70 60 90 6 53 63 53 74 2 78 72 70 63 93 78 67 92 37 75 67 40 10 78 8 5 92 79 79 18 30 70 70 60 90 6 53 63 53 74 2 78 72 70 63 93 86 67 92 37 75 67 40 10 78 8 5 92 79 79 18 30 70 70 60 90 6 53 63 53 74 2 78 72 70 63 13 86 67 92 37 75 67 40 10 78 8 5 92 79 79 18 30 70 70 60 90 6 53 63 53 74 2 78 72 70 56 13 86 67 92 37 75 67 40 10 78 8 5 92 79 79 18 30 70 70 60 90 6 53 63 53 74 2 78 72 50 56 13 86 67 92 37 75 67 40 10 78 8 5 92 79 79 18 30 70 70 60 90 6 53 63 53 74 2 78 71 50 56 13 86 67 92 37 75 67 40 10 78 8 5 92 79 79 18 30 70 70 60 90 6 53 63 53 74 2 45 71 50 56 13 86 67 92 37 75 67 40 10 78 8 5 92 79 79 18 30 70 70 60 90 6 53 63 53 74 72 45 71 50 56 13 86 67 92 37 75 67 40 10 78 8 5 92 79 79 18 30 70 70 60 90 6 53 63 53 40 72 45 71 50 56 13 86 67 92 37 75 67 40 10 78 8 5 92 79 79 18 30 70 70 60 90 6 53 63 31 40 72 45 71 50 56 13 86 67 92 37 75 67 40 10 78 8 5 92 79 79 18 30 70 70 60 90 6 53 85 31 40 72 45 71 50 56 13 86 67 92 37 75 67 40 10 78 8 5 92 79 79 18 30 70 70 60 90 6 84 85 31 40 72 45 71 50 56 13 86 67 92 37 75 67 40 10 78 8 5 92 79 79 18 30 70 70 60 90 47 84 85 31 40 72 45 71 50 56 13 86 67 92 37 75 67 40 10 78 8 5 92 79 79 18 30 70 70 60 0 47 84 85 31 40 72 45 71 50 56 13 86 67 92 37 75 67 40 10 78 8 5 92 79 79 18 30 70 70 12 0 47 84 85 31 40 72 45 71 50 56 13 86 67 92 37 75 67 40 10 78 8 5 92 79 79 18 30 70 62 12 0 47 84 85 31 40 72 45 71 50 56 13 86 67 92 37 75 67 40 10 78 8 5 92 79 79 18 30 65 62 12 0 47 84 85 31 40 72 45 71 50 56 13 86 67 92 37 75 67 40 10 78 8 5 92 79 79 18 49 65 62 12 0 47 84 85 31 40 72 45 71 50 56 13 86 67 92 37 75 67 40 10 78 8 5 92 79 79 37 49 65 62 12 0 47 84 85 31 40 72 45 71 50 56 13 86 67 92 37 75 67 40 10 78 8 5 92 79 45 37 49 65 62 12 0 47 84 85 31 40 72 45 71 50 56 13 86 67 92 37 75 67 40 10 78 8 5 92 72 45 37 49 65 62 12 0 47 84 85 31 40 72 45 71 50 56 13 86 67 92 37 75 67 40 10 78 8 5 44 72 45 37 49 65 62 12 0 47 84 85 31 40 72 45 71 50 56 13 86 67 92 37 75 67 40 10 78 8 88 44 72 45 37 49 65 62 12 0 47 84 85 31 40 72 45 71 50 56 13 86 67 92 37 75 67 40 10 78 6 88 44 72 45 37 49 65 62 12 0 47 84 85 31 40 72 45 71 50 56 13 86 67 92 37 75 67 40 10 86 6 88 44 72 45 37 49 65 62 12 0 47 84 85 31 40 72 45 71 50 56 13 86 67 92 37 75 67 40 35 86 6 88 44 72 45 37 49 65 62 12 0 47 84 85 31 40 72 45 71 50 56 13 86 67 92 37 75 67 ;
]
