A = [

46 96 89 64 84 0 42 29 30 67 92 19 77 70 56 0 95 22 74 96 95 92 4 24 93 17 6 58 57 89 ;76 46 96 89 64 84 0 42 29 30 67 92 19 77 70 56 0 95 22 74 96 95 92 4 24 93 17 6 58 57 ;5 76 46 96 89 64 84 0 42 29 30 67 92 19 77 70 56 0 95 22 74 96 95 92 4 24 93 17 6 58 ;36 5 76 46 96 89 64 84 0 42 29 30 67 92 19 77 70 56 0 95 22 74 96 95 92 4 24 93 17 6 ;49 36 5 76 46 96 89 64 84 0 42 29 30 67 92 19 77 70 56 0 95 22 74 96 95 92 4 24 93 17 ;71 49 36 5 76 46 96 89 64 84 0 42 29 30 67 92 19 77 70 56 0 95 22 74 96 95 92 4 24 93 ;21 71 49 36 5 76 46 96 89 64 84 0 42 29 30 67 92 19 77 70 56 0 95 22 74 96 95 92 4 24 ;18 21 71 49 36 5 76 46 96 89 64 84 0 42 29 30 67 92 19 77 70 56 0 95 22 74 96 95 92 4 ;22 18 21 71 49 36 5 76 46 96 89 64 84 0 42 29 30 67 92 19 77 70 56 0 95 22 74 96 95 92 ;72 22 18 21 71 49 36 5 76 46 96 89 64 84 0 42 29 30 67 92 19 77 70 56 0 95 22 74 96 95 ;73 72 22 18 21 71 49 36 5 76 46 96 89 64 84 0 42 29 30 67 92 19 77 70 56 0 95 22 74 96 ;93 73 72 22 18 21 71 49 36 5 76 46 96 89 64 84 0 42 29 30 67 92 19 77 70 56 0 95 22 74 ;68 93 73 72 22 18 21 71 49 36 5 76 46 96 89 64 84 0 42 29 30 67 92 19 77 70 56 0 95 22 ;70 68 93 73 72 22 18 21 71 49 36 5 76 46 96 89 64 84 0 42 29 30 67 92 19 77 70 56 0 95 ;12 70 68 93 73 72 22 18 21 71 49 36 5 76 46 96 89 64 84 0 42 29 30 67 92 19 77 70 56 0 ;41 12 70 68 93 73 72 22 18 21 71 49 36 5 76 46 96 89 64 84 0 42 29 30 67 92 19 77 70 56 ;14 41 12 70 68 93 73 72 22 18 21 71 49 36 5 76 46 96 89 64 84 0 42 29 30 67 92 19 77 70 ;9 14 41 12 70 68 93 73 72 22 18 21 71 49 36 5 76 46 96 89 64 84 0 42 29 30 67 92 19 77 ;13 9 14 41 12 70 68 93 73 72 22 18 21 71 49 36 5 76 46 96 89 64 84 0 42 29 30 67 92 19 ;98 13 9 14 41 12 70 68 93 73 72 22 18 21 71 49 36 5 76 46 96 89 64 84 0 42 29 30 67 92 ;4 98 13 9 14 41 12 70 68 93 73 72 22 18 21 71 49 36 5 76 46 96 89 64 84 0 42 29 30 67 ;9 4 98 13 9 14 41 12 70 68 93 73 72 22 18 21 71 49 36 5 76 46 96 89 64 84 0 42 29 30 ;4 9 4 98 13 9 14 41 12 70 68 93 73 72 22 18 21 71 49 36 5 76 46 96 89 64 84 0 42 29 ;25 4 9 4 98 13 9 14 41 12 70 68 93 73 72 22 18 21 71 49 36 5 76 46 96 89 64 84 0 42 ;66 25 4 9 4 98 13 9 14 41 12 70 68 93 73 72 22 18 21 71 49 36 5 76 46 96 89 64 84 0 ;99 66 25 4 9 4 98 13 9 14 41 12 70 68 93 73 72 22 18 21 71 49 36 5 76 46 96 89 64 84 ;65 99 66 25 4 9 4 98 13 9 14 41 12 70 68 93 73 72 22 18 21 71 49 36 5 76 46 96 89 64 ;42 65 99 66 25 4 9 4 98 13 9 14 41 12 70 68 93 73 72 22 18 21 71 49 36 5 76 46 96 89 ;4 42 65 99 66 25 4 9 4 98 13 9 14 41 12 70 68 93 73 72 22 18 21 71 49 36 5 76 46 96 ;27 4 42 65 99 66 25 4 9 4 98 13 9 14 41 12 70 68 93 73 72 22 18 21 71 49 36 5 76 46 ;
]
B = [

13 19 18 78 3 36 19 54 36 38 93 39 77 3 58 17 82 46 35 26 32 47 66 4 85 84 53 85 25 68 ;44 13 19 18 78 3 36 19 54 36 38 93 39 77 3 58 17 82 46 35 26 32 47 66 4 85 84 53 85 25 ;11 44 13 19 18 78 3 36 19 54 36 38 93 39 77 3 58 17 82 46 35 26 32 47 66 4 85 84 53 85 ;22 11 44 13 19 18 78 3 36 19 54 36 38 93 39 77 3 58 17 82 46 35 26 32 47 66 4 85 84 53 ;83 22 11 44 13 19 18 78 3 36 19 54 36 38 93 39 77 3 58 17 82 46 35 26 32 47 66 4 85 84 ;84 83 22 11 44 13 19 18 78 3 36 19 54 36 38 93 39 77 3 58 17 82 46 35 26 32 7 66 4 85 ;12 84 83 22 11 44 13 19 18 78 3 36 19 54 36 38 93 39 77 3 58 17 82 46 35 26 32 47 66 4 ;41 12 84 83 22 11 44 13 19 18 78 3 36 19 54 36 38 93 39 77 3 58 17 82 46 35 26 32 47 66 ;90 41 12 84 83 22 11 44 13 19 18 78 3 36 19 54 36 38 93 39 77 3 58 17 82 46 35 26 32 47 ;85 90 41 12 84 83 22 11 44 13 19 18 78 3 36 19 54 36 38 93 39 77 3 58 17 82 46 35 26 32 ;77 85 90 41 12 84 83 22 11 44 13 19 18 78 3 36 19 54 36 38 93 39 77 3 58 17 82 46 35 26 ;48 77 85 90 41 12 84 83 22 11 44 13 19 18 78 3 36 19 54 36 38 93 39 77 3 58 17 82 46 35 ;28 48 77 85 90 41 12 84 83 22 11 44 13 19 18 78 3 36 19 54 36 38 93 39 77 3 58 17 82 46 ;29 28 48 77 85 90 41 12 84 83 22 11 44 13 19 18 78 3 36 19 54 36 38 93 39 77 3 58 17 82 ;10 29 28 48 77 85 90 41 12 84 83 22 11 44 13 19 18 78 3 36 19 54 36 38 93 39 77 3 58 17 ;75 10 29 28 48 77 85 90 41 12 84 83 22 11 44 13 19 18 78 3 36 19 54 36 38 93 39 77 3 58 ;48 75 10 29 28 48 77 85 90 41 12 84 83 22 11 44 13 19 18 78 3 36 19 54 36 38 93 39 77 3 ;61 48 75 10 29 28 48 77 85 90 41 12 84 83 22 11 44 13 19 18 78 3 36 19 54 36 38 93 39 77 ;78 61 48 75 10 29 28 48 77 85 90 41 12 84 83 22 11 44 13 19 18 78 3 36 19 54 36 38 93 39 ;55 78 61 48 75 10 29 28 48 77 85 90 41 12 84 83 22 11 44 13 19 18 78 3 36 19 54 36 38 93 ;11 55 78 61 48 75 10 29 28 48 77 85 90 41 12 84 83 22 11 44 13 19 18 78 3 36 19 54 36 38 ;43 11 55 78 61 48 75 10 29 28 48 77 85 90 41 12 84 83 22 11 44 13 19 18 78 3 36 19 54 36 ;32 43 11 55 78 61 48 75 10 29 28 48 77 85 90 41 12 84 83 22 11 44 13 19 18 78 3 36 19 54 ;58 32 43 11 55 78 61 48 75 10 29 28 48 77 85 90 41 12 84 83 22 11 44 13 19 18 78 3 36 19 ;4 58 32 43 11 55 78 61 48 75 10 29 28 48 77 85 90 41 12 84 83 22 11 44 13 19 18 78 3 36 ;64 4 58 32 43 11 55 78 61 48 75 10 29 28 48 77 85 90 41 12 84 83 22 11 44 13 19 18 78 3 ;65 64 4 58 32 43 11 55 78 61 48 75 10 29 28 48 77 85 90 41 12 84 83 22 11 44 13 19 18 78 ;88 65 64 4 58 32 43 11 55 78 61 48 75 10 29 28 48 77 85 90 41 12 84 83 22 11 44 13 19 18 ;66 88 65 64 4 58 32 43 11 55 78 61 48 75 10 29 28 48 77 85 90 41 12 84 83 22 11 44 13 19 ;44 66 88 65 64 4 58 32 43 11 55 78 61 48 75 10 29 28 48 77 85 90 41 12 84 83 22 11 44 13 ;
]
C = [

89 19 30 9 99 78 87 58 14 73 10 70 5 56 76 59 82 26 48 60 6 5 16 55 13 52 0 92 46 45 ;19 89 19 30 9 99 78 87 58 14 73 10 70 5 56 76 59 82 26 48 60 6 5 16 55 13 52 0 92 46 ;15 19 89 19 30 9 99 78 87 58 14 73 10 70 5 56 76 59 82 26 48 60 6 5 16 55 13 52 0 92 ;27 15 19 89 19 30 9 99 78 87 58 14 73 10 70 5 56 76 59 82 26 48 60 6 5 16 55 13 52 0 ;69 27 15 19 89 19 30 9 99 78 87 58 14 73 10 70 5 56 76 59 82 26 48 60 6 5 16 55 13 52 ;10 69 27 15 19 89 19 30 9 99 78 87 58 14 73 10 70 5 56 76 59 82 26 48 60 6 5 16 55 13 ;68 10 69 27 15 19 89 19 30 9 99 78 87 58 14 73 10 70 5 56 76 59 82 26 48 60 6 5 16 55 ;12 68 10 69 27 15 19 89 19 30 9 99 78 87 58 14 73 10 70 5 56 76 59 82 26 48 60 6 5 16 ;42 12 68 10 69 27 15 19 89 19 30 9 99 78 87 58 14 73 10 70 5 56 76 59 82 26 48 60 6 5 ;83 42 12 68 10 69 27 15 19 89 19 30 9 99 78 87 58 14 73 10 70 5 56 76 59 82 26 48 60 6 ;69 83 42 12 68 10 69 27 15 19 89 19 30 9 99 78 87 58 14 73 10 70 5 56 76 59 82 26 48 60 ;51 69 83 42 12 68 10 69 27 15 19 89 19 30 9 99 78 87 58 14 73 10 70 5 56 76 59 82 26 48 ;11 51 69 83 42 12 68 10 69 27 15 19 89 19 30 9 99 78 87 58 14 73 10 70 5 56 76 59 82 26 ;50 11 51 69 83 42 12 68 10 69 27 15 19 89 19 30 9 99 78 87 58 14 73 10 70 5 56 76 59 82 ;77 50 11 51 69 83 42 12 68 10 69 27 15 19 89 19 30 9 99 78 87 58 14 73 10 70 5 56 76 59 ;56 77 50 11 51 69 83 42 12 68 10 69 27 15 19 89 19 30 9 99 78 87 58 14 73 10 70 5 56 76 ;36 56 77 50 11 51 69 83 42 12 68 10 69 27 15 19 89 19 30 9 99 78 87 58 14 73 10 70 5 56 ;65 36 56 77 50 11 51 69 83 42 12 68 10 69 27 15 19 89 19 30 9 99 78 87 58 14 73 10 70 5 ;55 65 36 56 77 50 11 51 69 83 42 12 68 10 69 27 15 19 89 19 30 9 99 78 87 58 14 73 10 70 ;23 55 65 36 56 77 50 11 51 69 83 42 12 68 10 69 27 15 19 89 19 30 9 99 78 87 58 14 73 10 ;36 23 55 65 36 56 77 50 11 51 69 83 42 12 68 10 69 27 15 19 89 19 30 9 99 78 87 58 14 73 ;30 36 23 55 65 36 56 77 50 11 51 69 83 42 12 68 10 69 27 15 19 89 19 30 9 99 78 87 58 14 ;30 30 36 23 55 65 36 56 77 50 11 51 69 83 42 12 68 10 69 27 15 19 89 19 30 9 99 78 87 58 ;32 30 30 36 23 55 65 36 56 77 50 11 51 69 83 42 12 68 10 69 27 15 19 89 19 30 9 99 78 87 ;18 32 30 30 36 23 55 65 36 56 77 50 11 51 69 83 42 12 68 10 69 27 15 19 89 19 30 9 99 78 ;59 18 32 30 30 36 23 55 65 36 56 77 50 11 51 69 83 42 12 68 10 69 27 15 19 89 19 30 9 99 ;3 59 18 32 30 30 36 23 55 65 36 56 77 50 11 51 69 83 42 12 68 10 69 27 15 19 89 19 30 9 ;75 3 59 18 32 30 30 36 23 55 65 36 56 77 50 11 51 69 83 42 12 68 10 69 27 15 19 89 19 30 ;46 75 3 59 18 32 30 30 36 23 55 65 36 56 77 50 11 51 69 83 42 12 68 10 69 27 15 19 89 19 ;63 46 75 3 59 18 32 30 30 36 23 55 65 36 56 77 50 11 51 69 83 42 12 68 10 69 27 15 19 89 ;
]
