A = [

39 61 31 1 51 31 70 5 39 67 53 47 82 28 84 36 93 69 54 91 91 18 94 12 4 20 22 49 90 71 ;58 39 61 31 1 51 31 70 5 39 67 53 47 82 28 84 36 93 69 54 91 91 18 94 12 4 20 22 49 90 ;38 58 39 61 31 1 51 31 70 5 39 67 53 47 82 28 84 36 93 69 54 91 91 18 94 12 4 20 22 49 ;68 38 58 39 61 31 1 51 31 70 5 39 67 53 47 82 28 84 36 93 69 54 91 91 18 94 12 4 20 22 ;26 68 38 58 39 61 31 1 51 31 70 5 39 67 53 47 82 28 84 36 93 69 54 91 91 18 94 12 4 20 ;99 26 68 38 58 39 61 31 1 51 31 70 5 39 67 53 47 82 28 84 36 93 69 54 91 91 18 94 12 4 ;4 99 26 68 38 58 39 61 31 1 51 31 70 5 39 67 53 47 82 28 84 36 93 69 54 91 91 18 94 12 ;49 4 99 26 68 38 58 39 61 31 1 51 31 70 5 39 67 53 47 82 28 84 36 93 69 54 91 91 18 94 ;57 49 4 99 26 68 38 58 39 61 31 1 51 31 70 5 39 67 53 47 82 28 84 36 93 69 54 91 91 18 ;49 57 49 4 99 26 68 38 58 39 61 31 1 51 31 70 5 39 67 53 47 82 28 84 36 93 69 54 91 91 ;89 49 57 49 4 99 26 68 38 58 39 61 31 1 51 31 70 5 39 67 53 47 82 28 84 36 93 69 54 91 ;27 89 49 57 49 4 99 26 68 38 58 39 61 31 1 51 31 70 5 39 67 53 47 82 28 84 36 93 69 54 ;23 27 89 49 57 49 4 99 26 68 38 58 39 61 31 1 51 31 70 5 39 67 53 47 82 28 84 36 93 69 ;93 23 27 89 49 57 49 4 99 26 68 38 58 39 61 31 1 51 31 70 5 39 67 53 47 82 28 84 36 93 ;3 93 23 27 89 49 57 49 4 99 26 68 38 58 39 61 31 1 51 31 70 5 39 67 53 47 82 28 84 36 ;66 3 93 23 27 89 49 57 49 4 99 26 68 38 58 39 61 31 1 51 31 70 5 39 67 53 47 82 28 84 ;66 66 3 93 23 27 89 49 57 49 4 99 26 68 38 58 39 61 31 1 51 31 70 5 39 67 53 47 82 28 ;57 66 66 3 93 23 27 89 49 57 49 4 99 26 68 38 58 39 61 31 1 51 31 70 5 39 67 53 47 82 ;66 57 66 66 3 93 23 27 89 49 57 49 4 99 26 68 38 58 39 61 31 1 51 31 70 5 39 67 53 47 ;69 66 57 66 66 3 93 23 27 89 49 57 49 4 99 26 68 38 58 39 61 31 1 51 31 70 5 39 67 53 ;41 69 66 57 66 66 3 93 23 27 89 49 57 49 4 99 26 68 38 58 39 61 31 1 51 31 70 5 39 67 ;37 41 69 66 57 66 66 3 93 23 27 89 49 57 49 4 99 26 68 38 58 39 61 31 1 51 31 70 5 39 ;7 37 41 69 66 57 66 66 3 93 23 27 89 49 57 49 4 99 26 68 38 58 39 61 31 1 51 31 70 5 ;93 7 37 41 69 66 57 66 66 3 93 23 27 89 49 57 49 4 99 26 68 38 58 39 61 31 1 51 31 70 ;31 93 7 37 41 69 66 57 66 66 3 93 23 27 89 49 57 49 4 99 26 68 38 58 39 61 31 1 51 31 ;82 31 93 7 37 41 69 66 57 66 66 3 93 23 27 89 49 57 49 4 99 26 68 38 58 39 61 31 1 51 ;36 82 31 93 7 37 41 69 66 57 66 66 3 93 23 27 89 49 57 49 4 99 26 68 38 58 39 61 31 1 ;97 36 82 31 93 7 37 41 69 66 57 66 66 3 93 23 27 89 49 57 49 4 99 26 68 38 58 39 61 31 ;38 97 36 82 31 93 7 37 41 69 66 57 66 66 3 93 23 27 89 49 57 49 4 99 26 68 38 58 39 61 ;47 38 97 36 82 31 93 7 37 41 69 66 57 66 66 3 93 23 27 89 49 57 49 4 99 26 68 38 58 39 ;
]
B = [

73 4 66 60 84 63 40 78 13 41 21 81 77 97 74 27 32 21 13 98 63 52 47 80 64 52 19 23 69 6 ;86 73 4 66 60 84 63 40 78 13 41 21 81 77 97 74 27 32 21 13 98 63 52 47 80 64 52 19 23 69 ;58 86 73 4 66 60 84 63 40 78 13 41 21 81 77 97 74 27 32 21 13 98 63 52 47 80 64 52 19 23 ;45 58 86 73 4 66 60 84 63 40 78 13 41 21 81 77 97 74 27 32 21 13 98 63 52 47 80 64 52 19 ;26 45 58 86 73 4 66 60 84 63 40 78 13 41 21 81 77 97 74 27 32 21 13 98 63 52 47 80 64 52 ;93 26 45 58 86 73 4 66 60 84 63 40 78 13 41 21 81 77 97 74 27 32 21 13 98 63 52 47 80 64 ;16 93 26 45 58 86 73 4 66 60 84 63 40 78 13 41 21 81 77 97 74 27 32 21 13 98 63 52 47 80 ;72 16 93 26 45 58 86 73 4 66 60 84 63 40 78 13 41 21 81 77 97 74 27 32 21 13 98 63 52 47 ;52 72 16 93 26 45 58 86 73 4 66 60 84 63 40 78 13 41 21 81 77 97 74 27 32 21 13 98 63 52 ;33 52 72 16 93 26 45 58 86 73 4 66 60 84 63 40 78 13 41 21 81 77 97 74 27 32 21 13 98 63 ;84 33 52 72 16 93 26 45 58 86 73 4 66 60 84 63 40 78 13 41 21 81 77 97 74 27 32 21 13 98 ;80 84 33 52 72 16 93 26 45 58 86 73 4 66 60 84 63 40 78 13 41 21 81 77 97 74 27 32 21 13 ;94 80 84 33 52 72 16 93 26 45 58 86 73 4 66 60 84 63 40 78 13 41 21 81 77 97 74 27 32 21 ;57 94 80 84 33 52 72 16 93 26 45 58 86 73 4 66 60 84 63 40 78 13 41 21 81 77 97 74 27 32 ;25 57 94 80 84 33 52 72 16 93 26 45 58 86 73 4 66 60 84 63 40 78 13 41 21 81 77 97 74 27 ;49 25 57 94 80 84 33 52 72 16 93 26 45 58 86 73 4 66 60 84 63 40 78 13 41 21 81 77 97 74 ;97 49 25 57 94 80 84 33 52 72 16 93 26 45 58 86 73 4 66 60 84 63 40 78 13 41 21 81 77 97 ;29 97 49 25 57 94 80 84 33 52 72 16 93 26 45 58 86 73 4 66 60 84 63 40 78 13 41 21 81 77 ;12 29 97 49 25 57 94 80 84 33 52 72 16 93 26 45 58 86 73 4 66 60 84 63 40 78 13 41 21 81 ;5 12 29 97 49 25 57 94 80 84 33 52 72 16 93 26 45 58 86 73 4 66 60 84 63 40 78 13 41 21 ;92 5 12 29 97 49 25 57 94 80 84 33 52 72 16 93 26 45 58 86 73 4 66 60 84 63 40 78 13 41 ;41 92 5 12 29 97 49 25 57 94 80 84 33 52 72 16 93 26 45 58 86 73 4 66 60 84 63 40 78 13 ;46 41 92 5 12 29 97 49 25 57 94 80 84 33 52 72 16 93 26 45 58 86 73 4 66 60 84 63 40 78 ;75 46 41 92 5 12 29 97 49 25 57 94 80 84 33 52 72 16 93 26 45 58 86 73 4 66 60 84 63 40 ;0 75 46 41 92 5 12 29 97 49 25 57 94 80 84 33 52 72 16 93 26 45 58 86 73 4 66 60 84 63 ;89 0 75 46 41 92 5 12 29 97 49 25 57 94 80 84 33 52 72 16 93 26 45 58 86 73 4 66 60 84 ;6 89 0 75 46 41 92 5 12 29 97 49 25 57 94 80 84 33 52 72 16 93 26 45 58 86 73 4 66 60 ;64 6 89 0 75 46 41 92 5 12 29 97 49 25 57 94 80 84 33 52 72 16 93 26 45 58 86 73 4 66 ;90 64 6 89 0 75 46 41 92 5 12 29 97 49 25 57 94 80 84 33 52 72 16 93 26 45 58 86 73 4 ;64 90 64 6 89 0 75 46 41 92 5 12 29 97 49 25 57 94 80 84 33 52 72 16 93 26 45 58 86 73 ;
]
